5306
8684
13119
15512
57590
64010
91871
177757
177758
177759
177761
177763
177765
177864
177885
177886
177921
177946
177961
177969
178043
178045
178048
178049
178115
178142
178156
178182
178183
178201
178207
178208
178230
178254
178255
178256
178257
178258
178259
178260
178261
178262
178263
178264
178265
178266
178267
178268
178269
178270
178271
178272
178273
178274
178275
178276
178277
178278
178279
178280
178281
178282
178283
178284
178285
178286
178287
178288
178289
178290
178291
178292
178293
178294
178295
178296
178297
178298
178299
178300
178302
178314
178339
178417
178429
178430
178458
178487
178498
178504
178537
178538
178585
178586
178587
178589
178590
178591
178592
178593
178624
178625
178626
178627
178644
178690
178710
178722
178773
178775
178776
178786
178810
178812
178813
178814
178830
178831
178850
178889
178932
178934
178935
178936
178937
178938
178939
178940
178941
179053
179054
179073
179074
179075
179116
179121
179122
179148
179155
179270
179307
179311
179323
179326
179327
179330
179331
179332
179333
179335
179383
179386
179387
179389
179390
179410
179450
179506
179511
179522
179524
179561
179622
179624
179698
179706
179712
179730
179833
179854
179857
179858
179875
179891
179937
179967
179969
179970
179971
179975
179982
180004
180065
180066
180173
180190
180191
180216
180221
180222
180223
180224
180225
180226
180227
180228
180229
180230
180231
180232
180237
180238
180291
180294
180307
180321
180351
180354
180355
180356
180357
180358
180359
180360
180361
180369
180429
180437
180438
180439
180440
180441
180442
180443
180444
180445
180446
180447
180448
180449
180450
180451
180452
180453
180454
180455
180456
180457
180458
180459
180460
180461
180462
180464
180465
180466
180467
180468
180469
180470
180471
180472
180473
180474
180475
180476
180477
180478
180479
180480
180481
180482
180483
180484
180485
180525
180549
180562
180596
180598
180627
180629
180630
180635
180659
180714
180716
180738
180755
180807
180855
180902
180903
180905
180906
180952
180966
180972
180973
180974
180997
181008
181018
181065
181069
181074
181105
181220
181251
181263
181291
181318
181331
181332
181333
181334
181335
181338
181339
181340
181341
181342
181343
181345
181346
181349
181352
181353
181354
181355
181356
181369
181370
181386
181387
181405
181413
181454
181529
181541
181547
181589
181615
181636
181690
181711
181819
181824
181826
181850
181907
181959
181983
181984
181999
182052
182078
182088
182150
182173
182179
182180
182199
182257
182258
182273
182291
182315
182317
182318
182346
182347
182368
182432
182512
182545
182597
182629
182630
182660
182672
182673
182680
182718
182719
182724
182760
182801
182802
182803
182804
182805
182806
182917
182918
182953
182956
182974
183085
183099
183100
183120
183122
183133
183138
183154
183157
183167
183193
183201
183202
183220
183221
183222
183223
183224
183225
183226
183227
183228
183229
183230
183231
183232
183276
183305
183364
183386
183420
183437
183443
183476
183480
183483
183486
183488
183494
183498
183499
183518
183520
183522
183525
183526
183527
183529
183530
183531
183532
183533
183536
183537
183541
183542
183543
183544
183545
183547
183548
183549
183550
183551
183552
183560
183566
183567
183568
183569
183574
183578
183579
183580
183582
183585
183593
183596
183597
183600
183608
183609
183620
183625
183626
183662
183664
183668
183670
183671
183672
183673
183674
183675
183676
183686
183694
183711
183717
183718
183721
183729
183745
183748
183752
183754
183757
183758
183760
183775
183791
183793
183794
183795
183796
183802
183804
183805
183806
183807
183808
183809
183810
183811
183812
183813
183814
183815
183816
183817
183818
183819
183820
183824
183831
183832
183833
183834
183835
183836
183837
183838
183839
183840
183841
183842
183843
183844
183845
183846
183847
183848
183849
183850
183851
183852
183853
183854
183855
183859
183868
183871
183872
183877
183878
183881
183882
183889
183890
183892
183893
183901
183912
183915
183918
183922
183923
183924
183926
183930
183939
183944
183950
183960
183968
183970
183972
183973
183978
183979
183980
183981
183982
183983
183984
183985
183989
183990
183991
183994
183995
183997
184001
184002
184007
184008
184012
184072
184073
184083
184088
184089
184090
184091
184092
184093
184094
184095
184096
184097
184098
184099
184100
184101
184102
184103
184104
184105
184106
184107
184108
184109
184110
184111
184112
184113
184114
184115
184116
184117
184140
184141
184143
184146
184150
184157
184158
184162
184165
184166
184167
184175
184203
184213
184215
184216
184217
184220
184221
184225
184229
184232
184233
184235
184242
184243
184244
184247
184252
184253
184269
184302
184305
184307
184308
184309
184311
184312
184313
184314
184315
184328
184329
184333
184360
184362
184363
184364
184368
184369
184372
184375
184380
184394
184397
184403
184406
184409
184410
184413
184418
184429
184435
184436
184440
184441
184443
184445
184446
184447
184449
184451
184452
184457
184463
184467
184470
184473
184474
184475
184476
184477
184478
184487
184519
184520
184521
184522
184523
184524
184525
184526
184534
184535
184545
184550
184557
184559
184561
184573
184575
184585
184586
184593
184594
184597
184600
184601
184615
184616
184617
184620
184624
184627
184628
184631
184633
184634
184649
184650
184651
184653
184654
184655
184657
184666
184694
184700
184703
184704
184705
184707
184708
184712
184714
184716
184719
184728
184732
184735
184737
184830
184834
184856
184858
184861
184864
184865
184878
184887
184891
184901
184908
184910
184914
184915
184916
184917
184918
184921
184922
184923
184924
184925
184926
184927
184928
184929
184930
184933
184959
185011
185019
185020
185021
185022
185023
185027
185034
185041
185044
185045
185046
185047
185060
185066
185067
185070
185072
185073
185074
185083
185090
185095
185100
185101
185112
185114
185151
185156
185187
185188
185189
185206
185207
185210
185214
185221
185222
185223
185233
185234
185235
185236
185240
185244
185245
185247
185251
185253
185257
185260
185265
185268
185271
185274
185275
185276
185277
185278
185280
185281
185283
185285
185328
185329
185330
185346
185347
185348
185349
185350
185366
185371
185373
185374
185376
185387
185391
185396
185397
185399
185402
185404
185405
185406
185408
185409
185410
185412
185413
185415
185419
185420
185421
185422
185426
185433
185434
185438
185456
185461
185479
185480
185481
185493
185497
185500
185503
185511
185512
185513
185514
185515
185518
185520
185521
185522
185537
185540
185552
185553
185557
185559
185560
185561
185562
185563
185564
185565
185566
185569
185577
185592
185595
185596
185597
185603
185629
185632
185643
185650
185664
185686
185688
185698
185699
185700
185711
185716
185721
185724
185725
185733
185734
185735
185736
185743
185758
185759
185761
185762
185763
185774
185779
185780
185816
185819
185829
185830
185831
185832
185833
185834
185835
185836
185837
185838
185839
185853
185854
185855
185860
185871
185885
185892
185899
185907
185908
185909
185910
185911
185912
185913
185915
185916
185917
185918
185919
185924
185961
185962
185964
185967
185993
186001
186003
186004
186005
186006
186007
186008
186011
186016
186019
186023
186026
186027
186028
186029
186030
186033
186034
186035
186036
186037
186038
186039
186064
186065
186072
186075
186080
186081
186085
186086
186088
186089
186090
186093
186095
186101
186103
186112
186113
186118
186119
186120
186121
186122
186123
186128
186156
186166
186169
186172
186174
186177
186180
186181
186185
186197
186202
186206
186207
186229
186230
186231
186246
186248
186265
186269
186274
186275
186276
186277
186278
186280
186297
186302
186306
186311
186335
186343
186360
186370
186374
186391
186396
186397
186410
186425
186426
186427
186428
186429
186430
186431
186432
186438
186445
186451
186457
186458
186508
186509
186510
186516
186519
186520
186522
186528
186529
186538
186552
186553
186554
186555
186556
186557
186558
186559
186563
186566
186578
186592
186597
186598
186599
186600
186601
186607
186608
186610
186611
186618
186619
186620
186621
186638
186675
186693
186695
186698
186701
186707
186721
186722
186725
186728
186740
186752
186757
186766
186784
186816
186818
186844
186848
186868
186869
186870
186871
186873
186881
186890
186891
186894
186895
186905
186908
186928
186941
186961
186963
186977
186979
186980
186985
187016
187017
187018
187020
187021
187022
187023
187024
187026
187027
187028
187029
187030
187036
187038
187052
187054
187063
187067
187070
187073
187076
187082
187096
187119
187120
187129
187130
187131
187132
187141
187145
187156
187160
187162
187163
187164
187178
187183
187184
187192
187193
187198
187199
187208
187210
187211
187212
187213
187214
187215
187216
187217
187218
187219
187224
187225
187226
187227
187228
187229
187230
187231
187232
187233
187234
187235
187236
187237
187238
187246
187256
187277
187284
187285
187294
187296
187299
187358
187367
187379
187380
187381
187382
187416
187511
187522
187622
187623
187624
187629
187652
187653
187681
187690
187735
187752
187763
187831
187843
187847
187854
187855
187863
187897
187909
187953
187982
187983
187984
187988
187989
188032
188088
188089
188090
188105
188117
188146
188169
188175
188236
188254
188259
188260
188261
188262
188263
188264
188265
188266
188267
188268
188269
188270
188271
188272
188273
188274
188275
188276
188277
188278
188279
188280
188281
188282
188283
188284
188285
188288
188289
188290
188291
188292
188293
188294
188295
188296
188297
188298
188299
188300
188301
188302
188303
188305
188306
188307
188308
188309
188310
188311
188312
188313
188314
188315
188316
188317
188319
188320
188321
188322
188323
188324
188325
188326
188327
188328
188329
188330
188331
188332
188333
188334
188336
188339
188340
188341
188342
188344
188345
188346
188347
188348
188349
188350
188351
188352
188353
188354
188355
188356
188357
188358
188359
188360
188362
188363
188364
188365
188366
188367
188369
188370
188371
188372
188373
188374
188375
188376
188377
188378
188379
188380
188381
188382
188383
188384
188385
188386
188387
188388
188389
188390
188391
188392
188393
188395
188396
188397
188399
188400
188401
188402
188403
188404
188405
188406
188407
188408
188409
188410
188411
188412
188413
188414
188415
188416
188417
188418
188419
188420
188421
188422
188423
188424
188425
188426
188427
188428
188429
188430
188431
188432
188433
188434
188435
188436
188437
188438
188443
188444
188445
188446
188448
188449
188450
188451
188452
188453
188454
188455
188456
188457
188458
188459
188460
188461
188462
188463
188464
188465
188466
188467
188468
188469
188470
188471
188472
188473
188474
188475
188476
188477
188478
188479
188480
188481
188483
188484
188485
188486
188487
188488
188489
188490
188491
188492
188493
188494
188495
188497
188499
188513
188517
188518
188524
188525
188526
188531
188532
188533
188534
188536
188543
188544
188546
188547
188552
188557
188560
188564
188565
188569
188571
188572
188573
188574
188575
188580
188581
188586
188587
188588
188589
188592
188593
188596
188597
188598
188599
188600
188601
188604
188607
188608
188609
188610
188613
188614
188615
188616
188617
188618
188621
188622
